1 0.086207 0.164983 0.137931 0.225432
1 0.196839 0.155590 0.181034 0.225432
1 0.375000 0.154024 0.192529 0.209777
1 0.712644 0.190031 0.126437 0.137764
1 0.589080 0.174376 0.143678 0.162812
1 0.869253 0.141500 0.158046 0.153419
1 0.852011 0.407635 0.284483 0.184729
1 0.622126 0.393546 0.204023 0.212908
1 0.393678 0.377891 0.201149 0.156550
1 0.137931 0.501566 0.166667 0.335017
1 0.135057 0.819362 0.183908 0.212908
1 0.413793 0.833452 0.252874 0.228563
1 0.367816 0.567317 0.126437 0.134633
1 0.632184 0.608020 0.183908 0.159681
1 0.843391 0.681598 0.169540 0.231694
1 0.714080 0.827190 0.301724 0.159681